15
21
49
52
58
64
69
72
75
79
80
90
103
106
108
109
114
117
119
122
127
132
133
138
145
147
148
150
152
157
163
168
176
179
185
186
189
193
196
190
1
2
3
6
9
10
12
18
20
24
26
30
38
45
50
54
61
62
63
65
70
71
84
85
86
91
95
96
98
111
112
118
124
126
128
129
137
143
144
153
0
5
11
14
17
27
32
39
41
44
57
66
67
68
73
78
101
102
115
120
131
135
158
159
160
175
177
182
184
194
199
7
25
56
60
88
130
140
166
191
13
33
35
36
42
43
48
51
55
76
87
100
105
113
125
141
161
180
183
22
34
37
89
94
151
164
165
174
4
46
53
107
139
149
167
170
188
195
198
197
31
47
59
74
77
81
82
83
92
97
123
134
136
142
156
169
172
178
8
16
19
23
28
29
40
93
99
104
110
116
121
146
155
173
192
154
162
171
181
187
